time,x,y,z,phi,theta,psi,x_velocity,y_velocity,z_velocity,phi_velocity,theta_velocity,psi_velocity,rotor_speed1,rotor_speed2,rotor_speed3,rotor_speed4
0.06,-4.711082115336949e-07,-8.514057803825825e-08,10.004931081513893,6.2830477779851375,0.0003787327115247763,0.0,-3.939732188659295e-05,-1.0009665188425894e-05,0.16435921621847355,-0.007323795870355769,0.016631949634672273,0.0,456.30937883327005,457.6348473716741,457.0481497698883,456.464223838528
0.12000000000000001,-1.6024563147986252e-05,-5.654604696770838e-06,10.020205371179703,6.282692421722906,0.0015525704695047438,0.0,-0.0006033734934181574,-0.00022074430867995135,0.3447458771959949,-0.0032578730359466386,0.024862979083004857,0.0,461.4219969883536,462.0711716190776,461.5893659052067,461.91016527710383
0.18,-8.218704957800555e-05,-2.759311823126607e-05,10.039652901895062,6.28248715866135,0.0028615303181682705,0.0,-0.0017162978899714775,-0.0005267928624292924,0.30351726715152555,-0.0037494381870615484,0.014894693261928238,0.0,391.03495254952446,390.10549132527615,388.75223873048486,388.70624817665976
0.23999999999999996,-0.00025719002667386984,-7.615696330068262e-05,10.064022896970265,6.281702966644216,0.003660592657279693,0.0,-0.004216692305116523,-0.001132005049813181,0.508746201321449,-0.04810041376759863,0.009960954796394255,0.0,470.1240718397759,469.74157159705527,470.2429349399447,466.795195141291
0.3,-0.0005903166957410452,-0.00018686000290910848,10.098059848734371,6.278648563684715,0.0045252719017154774,0.0,-0.0069650220621529394,-0.0028677237651842016,0.6257604439066463,-0.05720840714829562,0.022086538018915983,0.0,441.5855573581841,442.58442636241483,443.4031570947097,442.6527027356081
0.36000000000000004,-0.001115312652327929,-0.0004750118225495514,10.14041575780271,6.275341286243798,0.005672595103945355,0.0,-0.01067238455934728,-0.007110308023315282,0.7860034590391072,-0.05124499413885593,0.012413896266802775,0.0,456.0881870243892,455.3150581256945,456.1557137194235,456.62964370912744
0.4200000000000001,-0.001893863494902676,-0.0011007839963070492,10.193700394341697,6.27289073636878,0.006025474412739484,0.0,-0.015348815331210868,-0.014065329332249557,0.989993338970868,-0.02554602347961366,-0.012256588701885313,0.0,470.6149315075998,468.7016994048461,468.1426792005683,470.136883302145
0.48000000000000015,-0.0029415495901462217,-0.002172482398717588,10.256978998953524,6.27142206684991,0.005098097870859242,0.0,-0.01948596294866186,-0.02181618868487354,1.1191742883713478,-0.02242296956278349,-0.022777774664676006,0.0,446.8905937491562,446.03236230994327,447.5669769614984,447.82097262837664
0.5400000000000001,-0.004215385770532919,-0.003740707652430749,10.328076624712864,6.2703422820381025,0.003361831355964462,0.0,-0.022813769585113212,-0.03058443147933904,1.2506108213708609,-0.010357087502612796,-0.045592771254124934,0.0,449.4681402776285,447.61517227748215,447.050206542398,448.0322252629915
0.6000000000000002,-0.005645992879148598,-0.005856287628895272,10.407110847691948,6.269852091642113,0.0005022300229233778,0.0,-0.024574053193816114,-0.03999205709559926,1.3837113096733298,-0.004119493637747892,-0.0521515467268692,0.0,448.0274004756517,447.49250638236003,449.69598654657455,450.20103083642516
0.6600000000000003,-0.007119113660301067,-0.008582393572006485,10.496923931922698,6.270008921638258,6.280950133645611,0.0,-0.024179067292781846,-0.050876671097730974,1.6097674723124882,0.013495547077950507,-0.035017239087556544,0.0,476.9819375257193,478.28741771449563,475.87650647142164,477.2228158883463
0.7200000000000003,-0.008520755222425824,-0.011879307076346761,10.594598500569733,6.270714122829016,6.278420094616717,0.0,-0.022334166852600777,-0.0589495383040216,1.6460001219812879,0.008019091235806726,-0.06297573371080031,0.0,419.40415516088626,416.9676455694238,419.6585466777444,419.18283937095623
0.7800000000000004,-0.009735380606542124,-0.01570100057641463,10.698763439678654,6.27182911561993,6.27507781231591,0.0,-0.01775297721914475,-0.06833977891157372,1.8258935830732304,0.034059620574703825,-0.0441280841018045,0.0,463.2340365539207,464.7115789456227,463.3594658474557,465.4019166401142
0.8400000000000004,-0.010572707680075451,-0.020093613255886468,10.817276596465634,6.273959711683283,6.271852761412502,0.0,-0.00980224232298531,-0.07780107863548501,2.124040309529048,0.03826274040937096,-0.0924025169437811,0.0,500.8569081091515,497.33152680264016,498.5580974842654,498.86547855242736
0.9000000000000005,-0.010909350366071898,-0.024941238925790348,10.94744026999757,6.275934154300355,6.266628224629045,0.0,-0.0008814480257909583,-0.08356729789394839,2.2145728403264124,0.01915728151998537,-0.0781266980461413,0.0,437.3255533498168,438.50647951725745,439.476221971081,437.8902549125133
0.9600000000000005,-0.010594393077555015,-0.030104095856801807,11.083762616427155,6.276965718639158,6.261696531241132,0.0,0.011875391092995275,-0.08841253919939746,2.3292705353787895,0.012941983703840372,-0.09190806674375394,0.0,446.51143675304314,445.3802039081187,446.89018266879685,446.3832187900532
1.0200000000000005,-0.009324941995844806,-0.03555982464159563,11.230655922654801,6.277605178473582,6.256925681839014,0.0,0.03104826928556125,-0.09335498289004439,2.566657362913204,0.005645322690372785,-0.06212889206310061,0.0,481.8549610955485,484.09592866751666,484.3893512773364,483.8402138881476
1.0800000000000005,-0.006918850899145304,-0.04127228269319568,11.38714714239622,6.278213645797324,6.253054855805569,0.0,0.0495271008245224,-0.09701099807519865,2.6495174119400806,0.017884458082403742,-0.06976725359288802,0.0,438.6740784606543,438.03620832682077,436.89970784981506,437.9188390993145
1.1400000000000006,-0.0032926934572784666,-0.047194008563970304,11.549630758815331,6.27954658835718,6.2487513234761725,0.0,0.07177943881998958,-0.10025181331354138,2.7663135711785873,0.029711713339080518,-0.0759593713386097,0.0,450.161785667733,449.6565385726809,447.57271610904763,448.53427893317746
1.2000000000000006,0.0018152982968823214,-0.053284674949733685,11.72065337627982,6.281088007441049,6.2441184251490505,0.0,0.09898676443153345,-0.10258136024118576,2.934006135709826,0.016106083126400626,-0.07985083101804448,0.0,465.1077935996173,464.79847157342,465.8263661883261,464.7613144257482
1.2600000000000007,0.00850443171853694,-0.05947599900557443,11.897794915028868,6.281912519905349,6.239273298506603,0.0,0.12442666194806987,-0.10371267244642064,2.970597189743395,0.008536071004670936,-0.08261728487509112,0.0,424.8747562908586,424.63190731508195,425.4770500166038,424.8283464516427
1.3200000000000007,0.017046562134193314,-0.06572716878856928,12.082374836373797,6.282658414397211,6.233851977985751,0.0,0.16089006073724585,-0.10458349480831401,3.1814736781306263,0.01926352561847966,-0.11404912613883926,0.0,480.9248303541849,478.53145198531047,477.91286073346635,478.72968767405257
1.3800000000000008,0.02760944757820001,-0.07200830249879375,12.273575686460466,0.0003367257194755169,6.227559750585071,0.0,0.19178320447171243,-0.10469602462452558,3.1918250776713655,0.002238928136497902,-0.09096643554730756,0.0,416.31197477478986,418.3161383366858,419.119641623693,417.6372400471511
1.4400000000000008,0.04045874411716032,-0.07828190242961358,12.471108163922592,0.000526943285689363,6.222346867189508,0.0,0.23711554921117675,-0.10440519278876294,3.3919766649421557,0.004970949864318021,-0.07976245514858256,0.0,476.77556294535714,477.62508323339085,477.1838435571433,477.39229169718743
1.5000000000000009,0.055852131512550064,-0.08453570299275888,12.675843704678591,0.0007968446732116163,6.217592259310647,0.0,0.2764335583384482,-0.10402846204569036,3.4323854713020916,0.0035359609509288585,-0.07822579257082092,0.0,428.6198609218305,428.7451585441504,429.8946378699517,429.77294071197554
1.560000000000001,0.07371137836390113,-0.09076124109929033,12.883258574512563,0.0015576478354146772,6.2126612922881606,0.0,0.3193166646256193,-0.1034396026042512,3.481256222641372,0.026553170930025374,-0.09157632311475798,0.0,433.2041585908455,432.07425955665695,431.0884956086622,433.02908282153874
1.620000000000001,0.09457930597084639,-0.09692373081735232,13.098331443114994,0.0033229403617927034,6.206651941888378,0.0,0.3768961545056385,-0.10178014354247049,3.687137429120169,0.034615709014252385,-0.12890807489545278,0.0,482.4761702767286,479.6406199897957,480.3861118619759,480.9972949914371
1.680000000000001,0.11872135179101961,-0.10295858311125554,13.32147753187187,0.005240869061054809,6.199477858459307,0.0,0.42853633143286946,-0.09918935392734864,3.750786741409271,0.026055455630992333,-0.10547813664465842,0.0,437.79062718943135,439.72246624674756,439.68635762012906,438.97693182339793
1.740000000000001,0.1459468708654565,-0.10881216862298086,13.546659725370867,0.006478244952897505,6.19316080119242,0.0,0.47953254675104273,-0.09580491884904065,3.755207052266877,0.006606944999885868,-0.10489970574092156,0.0,420.70753104026056,420.747242625937,420.77313235786164,419.08596609004513
1.8000000000000012,0.17715325449119873,-0.11438663497261234,13.780953091231247,0.00665191685133415,6.187294747848673,0.0,0.5613779836758597,-0.08997864822924564,4.053463153311507,-0.0058172878832333345,-0.08637313893850333,0.0,508.8103009401094,510.1279510262638,509.35276137757717,508.46338265733885
1.8600000000000012,0.21290222755110338,-0.1196457758763796,14.027784025321699,0.00619967430043733,6.182107054922833,0.0,0.6307514647432786,-0.08537095079787729,4.173722942202325,-0.011220984839839685,-0.08663883739820842,0.0,459.83756495293215,459.8106174054097,459.99516261585563,459.5671304122505
1.9200000000000013,0.2529164729549771,-0.12463943239772103,14.281756126553766,0.005029528448783793,6.177318188920044,0.0,0.7035250341997318,-0.08117273553919976,4.291494397498987,-0.0463415863832154,-0.06881919985738519,0.0,459.3376853077884,460.74375548491054,461.5535391910156,458.7730297120603
1.9800000000000013,0.29708881688324873,-0.12942710076591368,14.539930735177801,0.0017335564247362711,6.172940194574348,0.0,0.7692529245561632,-0.0786808037109529,4.314168809758516,-0.08379306174146114,-0.08291079504032942,0.0,431.77684442822374,430.5818326567007,432.781798111918,429.61498607258136
2.0400000000000014,0.34556200893201305,-0.13413158551741056,14.801920848932921,6.279610085899153,6.167633476753789,0.0,0.8469899595886488,-0.0786628041310688,4.41833849155325,-0.10004667648510251,-0.10280221636482642,0.0,457.91615397066585,456.32442697874916,458.23560934434994,456.9351884113954
2.1000000000000014,0.398531522858768,-0.13893691783298423,15.06774466725719,6.274225279027107,6.161465525955201,0.0,0.9191986293602615,-0.08202509816362576,4.442251671660481,-0.07456869583295331,-0.10279311298332686,0.0,433.2369456376226,433.22823294425615,431.78860839044364,433.925590469368
2.1600000000000015,0.45629752961108855,-0.14406604326055075,15.337837750762093,6.2698572867145135,6.155078824904994,0.0,1.006919648034913,-0.08940186129017325,4.560247533438507,-0.06947990113296916,-0.11497941971232312,0.0,464.39275548114375,463.4262736940322,462.05990615307127,462.45705864504265
2.2200000000000015,0.519272070967777,-0.1497084053913364,15.613522242164567,6.265584140498113,6.148468451162575,0.0,1.092836675844681,-0.09908129067854578,4.628810282710089,-0.07494437355925306,-0.10197654253215516,0.0,448.2926878256448,449.3374380417362,449.53939853133824,449.09248751917556
2.2800000000000016,0.587466257980479,-0.15600808695714724,15.892851801859019,6.260586311274205,6.142055168417757,0.0,1.1808483489878967,-0.11134232410091675,4.681806818870075,-0.11055304040154301,-0.11916240371111331,0.0,445.7423511367547,444.32528200608823,446.5205774325146,443.599436952787
2.3400000000000016,0.6611742867440077,-0.16316512803368732,16.176094445983868,6.253786980431965,6.134921375700298,0.0,1.276723450573085,-0.12787531923368856,4.7591029664993405,-0.11952590938620769,-0.1183705634839783,0.0,453.157837613318,453.20907807247505,454.20023994450526,453.46875995166687
2.4000000000000017,0.7406087439550298,-0.17141735929652963,16.46284744831388,6.2467384302681275,6.127421870747124,0.0,1.3717175374096335,-0.1478498043643558,4.79896100101551,-0.11366561324414357,-0.14346419466613813,0.0,443.36208658296863,441.28047518561345,442.9948144561122,443.46406227337474
2.4600000000000017,0.8261333402155648,-0.18105730106008402,16.753517151098407,6.2402095152414265,6.119051524176818,0.0,1.4798661302602245,-0.17412773976684343,4.889384167885283,-0.10055467926240402,-0.13258381388368523,0.0,459.38342199436596,460.22804395270543,458.67699709661457,459.70706611109784
2.520000000000002,0.9187691726393623,-0.19252332929048543,17.052312787375126,6.234515454784832,6.111547553959262,0.0,1.6087039422997031,-0.20869137048392286,5.069386084279259,-0.08549193313962541,-0.1131812888496796,0.0,486.93603555083774,488.37257098199905,487.1659464029401,488.284175934561
2.580000000000002,1.0195320841904325,-0.20625546080823867,17.363197668991432,6.22943518194522,6.1049149156956055,0.0,1.7506448210789325,-0.24959459049780539,5.2921180677082695,-0.08307933095743424,-0.10573570226141261,0.0,500.51944375144774,501.0517625831622,503.3009002563565,503.4705465129365
2.640000000000002,1.1280865562231208,-0.22229787094513762,17.682562993094688,6.224722760551726,6.098333664458966,0.0,1.8683605375507029,-0.2855882655264698,5.352839116890934,-0.07073688023972505,-0.11906353851509563,0.0,456.8026126233048,455.7279853727099,456.2978888434448,457.2774942654835
2.700000000000002,1.2440343871188404,-0.24065213173320496,18.006623928212043,6.220179420390966,6.090701937923917,0.0,1.997168135609521,-0.3266181549955508,5.4484166237693525,-0.08823917388628864,-0.1530748280955761,0.0,469.5629515798392,466.90183120212185,469.39496155181837,468.03019374110215
2.760000000000002,1.367005853764074,-0.2612821537625885,18.331991513447715,6.21485300963476,6.0813794095115945,0.0,2.102615262333739,-0.3614688359651738,5.3970954187396565,-0.08986341604758152,-0.16042001449215756,0.0,422.9826793538595,422.3252509289793,423.44185506506113,423.2950842320498
2.820000000000002,1.4965280447785232,-0.28411309731830386,18.654615403662053,6.209200662005813,6.071557311481399,0.0,2.215562163604227,-0.400000041902622,5.356865229080559,-0.10472318685945657,-0.17122852068141836,0.0,427.2526746758443,426.3030647732652,427.78507629164096,426.5095377339573
2.880000000000002,1.633794809292135,-0.30962818481185894,18.97850600846399,6.203634261140174,6.061140481762706,0.0,2.3608653605671006,-0.45102102567473,5.438611166917426,-0.07584007823171011,-0.17886272621219867,0.0,467.0889311587072,466.465607384832,465.4345591281075,467.68272771335444
2.940000000000002,1.77902602989031,-0.33796910341778735,19.303047598562763,6.199088090518583,6.050086679875935,0.0,2.4810185333037023,-0.4940240671093017,5.379301327278661,-0.0756288288177045,-0.19799513382068468,0.0,423.6413997503244,421.9574317893632,422.8185407992617,422.83190356288895
3.000000000000002,1.9337366436712753,-0.3697005662222304,19.632700891390392,6.194920768132793,6.0383195097793365,0.0,2.677057709991439,-0.5640632689280141,5.607318568903432,-0.05932834753084143,-0.19261532863021055,0.0,512.4981812258743,512.8484950197146,511.09812019705157,512.2556739989275
3.0600000000000023,2.099026728900738,-0.4052105768412716,19.970171275541066,6.191662481591692,6.02651893457406,0.0,2.833537247929351,-0.6198519689388599,5.640933718441877,-0.045788829783660334,-0.2063563246692022,0.0,457.5784600070616,456.44613526337764,457.6356804701285,458.7104249020234
3.1200000000000023,2.273690783982293,-0.44404112068914353,20.30872904538401,6.189074161197144,6.0145773060277605,0.0,2.989538262261737,-0.6746784202476094,5.6436973646367985,-0.0383063717468462,-0.18738835384490007,0.0,448.1449489395551,449.64571459061233,449.4967366177776,450.1018100963302
3.1800000000000024,2.45783752781214,-0.4861738522485591,20.647114080396737,6.187434230863342,6.003674175717478,0.0,3.1495126949599217,-0.7298612337837365,5.635245193222696,-0.011413606576154187,-0.17229391556614534,0.0,446.2379844180983,447.43677038258295,446.14586143650484,448.3363937564114
3.2400000000000024,2.6514369991980744,-0.5315301402088553,20.98382645290278,6.187119213265444,5.993658804977006,0.0,3.3045387710416647,-0.7820275855387774,5.588182729090346,0.004867743424758993,-0.15791668129965727,0.0,434.73475978703465,435.91060192156954,434.80951324211514,436.17177241298134
3.3000000000000025,2.854868760608526,-0.5801379278486443,21.31893914840646,6.187242522351077,5.9843866015431075,0.0,3.4771648180961767,-0.8381658225173552,5.581684090520661,-0.0042656577270944775,-0.1485205866752882,0.0,448.9163171026716,449.65593309599564,450.2905985812472,449.5509346845247
3.3600000000000025,3.069150068962439,-0.632217265644264,21.65472519028065,6.1866501369025535,5.975264156447171,0.0,3.6661253002279612,-0.8977786359642304,5.610391063816402,-0.0244997653043332,-0.16020991097461662,0.0,462.8518528212338,461.9098349862757,462.8653304368087,461.2699383690707
3.4200000000000026,3.295027753142128,-0.6879167297381625,21.992507826684147,6.185046555987572,5.96707175926027,0.0,3.8636529952036547,-0.9589347359009968,5.648144995055905,-0.031598813915194715,-0.1101351844773214,0.0,465.2966531252193,469.18311465963586,466.7181333343402,466.1634807284706
3.4800000000000026,3.532726055425443,-0.747266664712297,22.332029282473965,6.183443234407434,5.959954498009802,0.0,4.0599549753685915,-1.0194899994676645,5.668504007526502,-0.018417599883994933,-0.14672562318590027,0.0,465.05550064346875,462.1668905399444,462.03558117406567,463.0737042096008
3.5400000000000027,3.7810394601074826,-0.8098950422236201,22.668943962940777,6.182060807619605,5.95112395576337,0.0,4.217746001912999,-1.0682169852422958,5.561949834966413,-0.03441839978947029,-0.1480902732282846,0.0,422.1303630075687,421.99099209895024,422.82086550036075,421.43961471926553
3.6000000000000028,4.039717458357927,-0.8756981839407271,23.00169079293441,6.180287262165216,5.94196793273464,0.0,4.405385462268656,-1.1253340754995214,5.529065396558323,-0.021280384179703446,-0.16361622830558215,0.0,447.89663297435743,446.60977561800667,447.3270980478314,448.39565326756986
3.660000000000003,4.310317315739629,-0.9451056063707909,23.333887903557603,6.179008557471363,5.932173372157283,0.0,4.615154490577662,-1.188279717165062,5.543259009672889,-0.021374534464706874,-0.1625068340110447,0.0,464.98430933480284,465.0471349013195,463.6075174995018,463.60014022799186
3.720000000000003,4.592752375360193,-1.0180532676617862,23.664431256831865,6.17768815376901,5.922178776792677,0.0,4.799932307683952,-1.2433812082062663,5.474445267280137,-0.023301941724649944,-0.1762853201072059,0.0,438.4766295958317,437.30295527439125,439.5148657269524,439.35502952475724
3.780000000000003,4.886061248967637,-1.094228905031439,23.98988389983468,6.176339138011787,5.911356940791418,0.0,4.977680150149881,-1.2958939825419649,5.373711439484715,-0.02089534326947957,-0.19009678578890124,0.0,429.39216883344113,428.18555443752444,428.1996756151958,428.4043640853529
3.840000000000003,5.189945022697281,-1.1735108256491504,24.308666448114973,6.174729621314182,5.900018016890003,0.0,5.152471227497497,-1.3469302395530898,5.252183132151495,-0.04261346995203702,-0.18684424203327238,0.0,422.4767345983712,422.7204116408857,421.9756317612771,420.0958003472506
3.900000000000003,5.506645415932649,-1.2564674016261728,24.62548897982685,6.172306646741102,5.888599420429173,0.0,5.404727543610605,-1.4183868921467973,5.307125118770734,-0.03625935370160964,-0.1983280629905626,0.0,482.54878080833527,481.64858624179465,481.5148467666143,481.99469832135395
3.960000000000003,5.838749446856619,-1.3437710489324828,24.945696998776118,6.169856745774613,5.877015814107651,0.0,5.66591365035432,-1.4918004748624616,5.364917377734655,-0.05205185761803369,-0.18420232263834804,0.0,485.63647794673335,486.66211317897233,486.3533845120452,485.16805737101106
4.020000000000002,6.185078342005654,-1.4350941109387247,25.265521256162028,6.166888672055338,5.866122796407597,0.0,5.878912311885194,-1.5524789310707094,5.295211741350739,-0.04474641126976836,-0.17672035455057283,0.0,446.796880397686,447.3749269484015,447.03848418130485,447.6320202937629
4.080000000000001,6.545631145808065,-1.530442424983213,25.584017356339576,6.16414629479344,5.855144213299319,0.0,6.13986832994045,-1.6259049910824224,5.319930969070911,-0.047698034870694524,-0.19996842538722367,0.0,481.2799313385995,479.4863641860573,480.3838022952776,480.15882378450397
4.14,6.919021188228392,-1.6294640317532991,25.897438181691356,6.162052691837825,5.842945481879191,0.0,6.307166696904869,-1.674992377895466,5.127517362250833,-0.0170940966805625,-0.211001395974188,0.0,407.86059939554053,406.828782152461,406.0213267413645,408.7578524642801
4.199999999999998,7.303815167745005,-1.731771567330017,26.20188999330937,6.161452387274043,5.83005737237926,0.0,6.519908542754705,-1.735271191980457,5.020270436684745,0.001340848064057004,-0.2237392806206689,0.0,440.0639534460547,438.9615752527862,437.3779837485043,438.911212676669
4.259999999999997,7.701303277155358,-1.8376443098121968,26.4993853048731,6.161030923296128,5.8162562049180835,0.0,6.73034598807496,-1.7937896769640018,4.895680771121164,-0.034399754375700566,-0.24709473020972872,0.0,435.1361755741952,433.12105709916773,435.54380985954623,432.5433701770627
4.319999999999996,8.111331056684199,-1.9469775202797637,26.788847570415392,6.159343845958864,5.801247050581257,0.0,6.937964857315544,-1.850735429933119,4.752487567376194,-0.01784110134150222,-0.25708583030068244,0.0,429.2915796740434,428.3772190198354,428.0230389697129,429.4301125384141
4.379999999999995,8.538213082081347,-2.0607383389333003,27.07760896347191,6.158582785444924,5.785420014743703,0.0,7.291820496241391,-1.9410802899468615,4.870140301984775,-0.00397352582736038,-0.2825417222497603,0.0,520.1073311168069,518.2608470905211,517.4441768807694,518.419872037072
4.439999999999993,8.985853157320046,-2.17974359288334,27.371856953979773,6.158687617947573,5.768103271726421,0.0,7.630000620113712,-2.0254826492047178,4.935536082066869,0.011256531247912519,-0.30487210133158377,0.0,507.92515029883924,506.2465431404514,508.4752001433047,509.5653800799553
4.499999999999992,9.44876848117821,-2.302637190681782,27.6605987207811,6.160007008603602,5.749471651526289,0.0,7.801454088921338,-2.0709531076330494,4.689112187394448,0.037649818561916584,-0.3252661636361122,0.0,402.9577696257254,400.99842873132275,401.3172344416125,403.7068425556524
4.559999999999991,9.922206530168792,-2.428258486715758,27.934603179267544,6.16200527003901,5.729918782167051,0.0,7.980761798222961,-2.1163378549270866,4.44415510119107,0.02277051217445568,-0.32713678177332844,0.0,403.8193859726123,403.5299458666531,403.45105087526775,402.1053852387975
4.6199999999999894,10.40931095824492,-2.557115604715429,28.19820136584634,6.163286766688833,5.711697111295109,0.0,8.256657143496785,-2.1786699334278232,4.340932022267167,0.018372928692748123,-0.2774619669844488,0.0,455.9941776027899,459.85148362289186,460.11057133256827,459.7621511253768
4.679999999999988,10.91257691991845,-2.689577786585191,28.454549663593117,6.1644343742489305,5.694639484253695,0.0,8.519342393582553,-2.2365738956317567,4.202852039073115,0.020593323430937498,-0.303613904613011,0.0,449.9258800581888,447.72034550798224,450.1656643053246,450.34531024244075
4.739999999999987,11.433198766674831,-2.8257425278910397,28.704582768658696,6.166675182261709,5.677019960504303,0.0,8.835017222986748,-2.301937200581948,4.129670145034741,0.05872916900594504,-0.27888587348748,0.0,476.72084833640946,478.52527365807146,474.09294292649264,477.015531376261
4.799999999999986,11.970852481875978,-2.965432602923095,28.947062850625347,6.170032740793111,5.660560868243611,0.0,9.087183289432973,-2.3541447162242126,3.9520887729584593,0.04975015110644857,-0.2664840796419729,0.0,442.1407631020396,443.0851349992778,441.42417293024846,440.6844396485451
4.859999999999984,12.521902403738283,-3.107925167449653,29.176216168242682,6.172827148218438,5.644532483452567,0.0,9.281729956939676,-2.3955173745263423,3.6862347431237517,0.03931486666293601,-0.26848126238250575,0.0,408.0445765663619,407.7871534505623,408.3140001463706,407.3830549837721
4.919999999999983,13.089510788993186,-3.253583548261403,29.395738571969922,6.175898131922121,5.627933935614523,0.0,9.638376000805847,-2.4593664125396937,3.6290063318690846,0.06803791097309532,-0.30262564398284336,0.0,492.40749765182676,489.80281122650524,489.2244611619594,491.360470367761
4.979999999999982,13.677808021024784,-3.402890022264337,29.610504280722488,6.180841359473558,5.610080053345353,0.0,9.971502916939903,-2.5170396297353683,3.5278558360894827,0.10165458464809903,-0.2890107907881116,0.0,479.59288669243017,480.5431151964568,478.69635105785034,481.2531444989925
5.0399999999999805,14.28545291821988,-3.5554751672175997,29.818031938050368,6.1866405637002835,5.593498133013757,0.0,10.28326521762111,-2.568647077926698,3.3881468469049563,0.08408851895439137,-0.2587524479101851,0.0,469.2750837692377,471.5449595802821,470.67571282758894,469.3210392790303
